352. lxnnx 01²· 11311211, ormenae, 210.

lvi-h, «1031113νο, 9, 14, 16, 32, 33, 54, 58, Ρο103101, of Βο31ρ312, 88, 97 , 185, 284,
63, 111, 129, 142, 147, 163, 209, 240, 293.
246, 247, 303, 309, 321. Haining, 99, 196, 295.

-οοιι, 2, 35, 36, 43, 44, 115, 151, Muggleawiek, 33, 99,135,196‚
213, 214, 221, 223, 230, 232, 313, 314. 234, 295.

—guae‚ 111, 112, 210, 310, 311. Rainton park, 26, 201.

- 1144416613, 309, 321. Fon-king, 133.

-- 1101111133, 60, 148, 186, 187, 227,
229, 248, 249, 261, 312, 313.

rod, 9, 26, 27, 35, 44, 54,
62, 63, 88, 89, 90, 114, 141, 151, 202,
213, 240, 284-6, 301.

-- white, 14, 16, 34, 35, 44, 62, 63,
114, 151, 213.

— 1101113002 (Ρ §tm-geon), 221.

-— 20111133, 111, 122, 220, 221, 222.

-- 1321111013, 36, 115, 214.

-- 1123, 122, 220, 221, 222.

— 21230103, 36, 42, 115, 214, 314.

0931013, 54.

—— pikeo, 2, 36, 115, 143, 214, 314.

1110201013, 2, 36, 115, 214, 314.

·-— μείω, 122.

-ι77ῗῗ3ῗὲῗ4, ὲέο, 37, {⁶12 {¹23 ¹¹⁶

-- 33112011,12,16,45, 147, 152,163,
248, 249, 267, ”,309 316-313, 325.

110311, 33, 34, 111-13, 210

 

 

 

 

3311, 9, 35, 54, 114, 142,
213, 240, 321.

-- 33112011 1101113, 33, 34.

-— 30313, 214, 229, 2⁹40, 309, 314.

-3031031103, 115. 214, 309, 314.

——otoefflsh, 35, 62, 114,,115, 213,

 

247, 313.
— 3111130011, 43.
102011, 36, 115, 214, 314.
-—— Tempsis& 222.
111012113023, 221.

 

 

 

1101113, 33, 34, 310, 311.
314turbo‘t, 35, 115, 121, 214, 221,
-—— powdemd, 321. .
—— 33111113 and drying 01, 209.

—— 1101130, 209.

Ρ131101, 90, 187, 285.

Ρ1311 house, 267.

Ε”13111113, 12, 46.

Flafflinffi 182.

Flslsffis, 11333, 81, 85, 129, 130, 176 180,
Flax, 138, 139, 324.

Fleeees, 132.

Floeks, 11023, 18, 65, 153.

Fodder 1101130, 274.

Ρο10113003, 155.

Forester, 22.

Ροέῧῗῗπ, of Αγο11110, 96, 194, 201, 292,

 

 

 

 

Free rents, 200.
Ρ1013111330, 16, 151.
111020118 money, 129.

114471, 37, 33,107,174, 134, 271,

28’1.8
of, 81.

 

Funing 12111, 79.
Fur, fura, 3, 9, 49, 135, 236.
Fundam, 300 eloth.

6.
6311103, 86. ’
Galla, 2.
6311103, see Prior's 632103.

6311102 12 83111013310,100.
631110201,300 0101131ᾶ1232.
6111120213, 135, 236.

6031 11302 and fore (31120111),139.
60030, see Poultry.

Gentleman’ 3 0113211101, 274.

Georgo 2011103, 3oe Money.

German 102013,139.

Gifoeand Ρ1030213,54,141,142, 239.
61130, m Fish.

6121111013, see Sheep.

612301, see Spicea.

6111113,154.

Girthwebe, 19, 66,154, 251.
6133101’ 3 work, 170.

61333, 78, 170, 267 , 268.

-- Brymmys, 170.

11033013 of, 70.

-- windows, 78.

6031321113, 138.

Graius, see Spicea.

61323101, 92, 132, 133, 159, 256, 288.
Granary, 236, 300 Keeper.

Gravel, 183.

61031 0113121101, 7 8, 229.

61002 pense, 3oe Ρο330.

6103102031, see 03112031.

6100111 0002, 97, 195, 293.

of 1110 Β111331, 96, 193, 292.
1121101730, 98, 195,.294.
11311, 97, 194, 293.
hospice, 328.

3131110, 328.

61001113, 2, 199, 298.

of 1110 chambot, 9.
6203111311, 92, 296, 298. ’

61112, 2.

621101 of lead, 78.

 

Q

 

 

 

 

 

 

 

