356

Pom 333 Ρο111117.

Probmd of 1101333, 26, 201.

Pmoun, 8, 9, 15, 240.

Prior, third, 102.

Prior’· 01131111131, 74,
17 7, 241, 267.

 

 

31 3331113111, 177, 240.
0011133301, 288.

 

 

205, 240.
——-—- 11311, 170.
---· 1311111113ω, aee hundrez.
low chamber, 288.
emble, 153.
131113, 157, 254, 270.
Provender for 1101333, 300.
Provider of 1113 3111137, 39, 119, 218.
Pruna, see S 111033.
Ρ113311,1111311111), 5, 58, 63, 245, 261.

Puffim, ue Poulfry.

 

 

 

Q.

Quarry of Esh, 180, 277.
. Sam-ist, 177, 275, 278, 279.
ἓῃιιῗξζωὲεῗδὲείωο.

 

R.

1131111113, 36, 115, 129, 142, 214, 215, 315.
Rails, 107.

1111131113, see 8111033.

Razors, 229.

Redshanks, see Poultry.

Redskins, 229.

Refectorer, 92.

1131301017, 169, 170, 196, 268, 296.
1131113, renes, 18, 153, 250.

33111131, see Wine. -

Rental of Bul-aar, 70.

33113113, 78.

Rasin, 17, 43, 44, 63, 139, 152,231,249.

Reward, 157.

11103, see 8111033.

Ridding of 331111, 181, 184.
1101133300.

· 11033, m Venison.

Boos, pfflnting of, 82, 83.

310113, 82.

Rope iren, 66.

Rupes, 19, 67, 88, 154, 252, 281, 283.
for ferryboat, 86, 87. 183..
11031133, 71, 86, 159, 183, 257, 281.

 

 

78, 142, 143, 169,

8311133, 9, 13, 40, 54, 141, 142,

INDEX 01⁴· MATTBR, ormenae, n'm.

ss

83011010111, m 010111.

830113, 68, 253.

8301131, 26, 17 7, 199, 205, 211, 230, 275,
278, 279, 298.

sub, 26.

83110133, 18, 64, 65, 114, 153, 250.

lond, 65.

11333, 18, 65, 250.

0101113, 19, 66, 154, 251.

salvanda, 246.

8311313 (armour), 139.

831111011, ⁸oe Fish.

8313313, 70, 327.

8311, 9, 44, 62, 69, 70, 141, 158, 230, 232,

 

 

 

 

1101133, 83, 176.

113113, 164, 246.

111113 of, 158, 255.
Sand, 84, 85, 272, 274, 275, 276.
Sandan, aee 8111033.

8313113, εει 010111.

83113, 45.

8307313, 80.

Sawyer’s work, 172,173, 270.
837, see 010111.

Seopae, 8000113, 133, 159, 185.

 

 

· Scribe of 1113 Exehoquer, 95, 192, 291.

83313, 3301131183 of, 133, 237, 238.
83313, see Fish.
83311733, 327.
83813131111111, 132.
831133031, 93, 177, 190, 289, 324. See
013111.
Servants' wages, 189, 288.
Sestiana, 142, 143.
837131, 94, 290.
8111111113, 229, 231, 296, 327.

 

 

 

 

Shavinghouse, 256.
8113713, 228.
shearlings, see 8113311.
8113311 p, 9, 29, 30, 31, 72, 108,109, 126,
160, 206, 207, 226, 257, 305, 306,
dinmonthS, 206, 207, 234.
31733, 305.
——— gymmers, 31.
11083, 116, 206, 207 , 234.
lambe, 9, 14, 54, 59, 72, 94, 109,

126, 141, 149, 191, 206, 207, 240, 246,
257, 305, 306.

lamba, max-king of, 59.
lambskins, 70.

-—— parchment of, 255
--- 1337311103, see Hides.

muttum, 206, 207.

ο--- ehem-linga, 207, 305.

—-— twyntors, 205.

 

 

 

 

 

 

 

