mnnx 00· pensons,

0103101111οιιῆ Matho, 115, 135, 170,

227.

3031101,301100000,110 Gatyssyd, 83,175,

Baylyasy, 3100111110, 261.

30313, dom. 01111111οη110, 286, 287.
-—— 3100111110,ἀο 8001031310213.
·-—- willielmus, 263. ’
B⁸5nbr58⁰2 Roget, 47·

30300, J 01100000, 99, 266.
31131πο3010, 1011010, 217.

30311000, 3011001100, 110 Womnope, 253.
Baym, Thomas, de Bromley, 161.
3οἀ1303100, 300010, 105.

3030133111, 3011031110, 31110αο1100, 48.
3011, Alexander, 312.

-—-—- 0101101ιο coquinoe vocam, 123.

 

3700011103, 46.
-- frater 3011011000, 314.
11011011000, 233.

 

-Τῂοω, 3, 5, 10, 133, 130, 151,

247, 255, 261.
-- Radulphue, 257.

-- willielmus, 22, 102, 107, 323, 324,

30110010, 30110030, Doetor, 15, 92.
·’·30110, uxor Thomae, 156.

30113, 3011011110, 172.

30113, Thomas, 77, 80, 172.

300011, dom. 3011011110, 3010011110, 133,

’ 326, 327.

300011, 110111. willielmus, 00000001100, 91,

92, 100, 227, 231, 236.

3001103, Bentley, 3 ohannes, 6, 93, 190,

30281031ᾱῖῗέ001. 301100000, 22.
3013, 301100000, 331.

3001, dom. 3100111110, 1, 22, 189, 197,

286, 287.

3011011110, 2, 13, et passim.
—- Thomas, 89.

30010, uxor, 241.

301000, 3011000, 1011010, 34, 106.
Beuerpark, 4 puellm de, 264.

3 pueri 110, 260.

 

 

30311, 303110, 11010. Ηο0110110, 213, 232,

298, 300, 305, 313.
30311, filius dom. Henrioi, 305.

3111311311οω, 331130311010, ballivus 110, 97,

131, 183, 194, 238, 265, 281, 293.
3100111110, 328.

3100110, 301100000, 25, 102.
3011011110, 108.

31011100, 3011011110, 124.

30301, 152, 233.
’310311δο1110, 3011110000, 134.
willielmus, 48.

 

 

 

 

dom. J 01100000, decanus monasterii,
24, 91, 92, 99, 200, 232, 300, 313, 314,

861

3103111100110, Τ11011100, 152.

31031, 310310, 13110000, 33, 111, 115,
209, 214, 215, 290, 308, 309, 314.

3100113030οΡ0, dom. willielmus, 00ΡοΠο-
0110, 299.

3100111101, 3011000110, 54, 148.

3100003003, 310101030030, Simon, Sy-
mond, 83111001, S ym,ont 22, 78, 99,
135, 169, 196, 266, 267, 295.

311101, dom. Christofer, 133, 256.

·— 3100111110, 138,156...

— 3011011110, 29,10,7 144,156, 205,
234, 304, 331.

311101, 31111110, 3111011, Thomas, 13,14,
42, 4,9 125, 147, 184, 208, 209, 260.

3111010, 30 031, 29.

31110110, uxor 30110111, 233.

3131ξ,3,13111, 3131110, ΒΙ311100,30111111111110,

313111, 3131110, 3011001100, 54.

—-- puella, 182.

— 1011010, 152.

3131110100, willielmus, 65, 120, 121, 221.

301111, 303111, 3030100, 31, 32, 103,
3⁰9, 110, 111, 208, 276, 305, 307,

3031011, willielmus, 78.

Bowmayker, dom. 3011110000, 147.

3030, Hem-icus, 54.

303111, 3100111110, 295.

uxor 303011, 208.

31011011ον, 3100111110, 208.

3100110, Thomas, 234.

Brund, uxor Thomae, 205, 206.

Brandlynge, Radulphus, 4.

Brandlyne, 3011011110, 16, 32, 49, 63, 236.

Brantyngham, dom. willielmus, 100, 197,
200, 287, 288, 300.

Β100,Β1000,Β10000,Β103000,Ψ111101111110,
85, 180, 243, 259, 277.

Β10110011.Β1οΨ011,Μ’01301010, 26,104.

3103110, 310311110, willielmus, 19, 66, 68,
154,15,9 253.

Β1100,Β1300,Β13000,Ψ11110110110,85,277

Brompton, 3011011000, 28, 204.

3011011111110, 28.

Thomas, de Monkton, 28, 128,
204, 303.

31010100, Willielmus, 110 Monkton, 26, 30.
31,110 128, 204.

Brown, 3101300, 110 30101103, 116.

dom. 3011001100, eommunia-ius,

22,23,133’,188,189,197.

1111110 3011011010, 33.

301100000, 110 1301311100, 9, 111,

209, 214, 215.

Ν1011010110, 17, 63, 64, 69, 95,152,

193, 249, 254, 291, 300, 321, 326.

Τ1101000, 32, 46, 74.

willielmus, 13.

 

 

 

 

 

 

 

 

 

